[gd_scene load_steps=2 format=3 uid="uid://yo6c3rptu286"]

[ext_resource type="PackedScene" uid="uid://dbo5hkjim80a5" path="res://level/pipe.tscn" id="1_eqi6e"]

[node name="module_one" type="Node3D"]

[node name="pipe" parent="." instance=ExtResource("1_eqi6e")]
transform = Transform3D(0.707107, -0.707107, 0, 0.707107, 0.707107, 0, 0, 0, 1, 27, -23, 24.2017)

[node name="pipe2" parent="." instance=ExtResource("1_eqi6e")]
transform = Transform3D(-0.707107, 0.707107, -8.74228e-08, 0.707107, 0.707107, 0, 6.18172e-08, -6.18172e-08, -1, -28, -23, 24.2017)

[node name="pipe3" parent="." instance=ExtResource("1_eqi6e")]
transform = Transform3D(0.707107, -0.707107, 0, -0.707107, -0.707107, -8.74228e-08, 6.18172e-08, 6.18172e-08, -1, 27, 19, 24.2017)

[node name="pipe4" parent="." instance=ExtResource("1_eqi6e")]
transform = Transform3D(-0.707107, 0.707107, -8.74228e-08, -0.707107, -0.707107, 8.74228e-08, 7.10543e-15, 1.23634e-07, 1, -28, 19, 24.2017)
